48	 1	 0.000482 
46	 2	 0.001496 
45	 2	 0.001684 
43	 3	 0.002017 
41	 4	 0.002181 
39	 5	 0.003606 
37	 6	 0.003749 
35	 7	 0.004765 
33	 8	 0.004889 
31	 9	 0.005651 
29	 10	 0.005829 
27	 11	 0.006281 
25	 12	 0.007404 
23	 13	 0.011862 
21	 14	 0.014761 
19	 15	 0.016231 
17	 16	 0.017016 
15	 17	 0.023197 
13	 18	 0.025316 
11	 19	 0.026416 
13	 18	 0.027162 
11	 19	 0.031428 
9	 20	 0.045598 
8	 20	 0.046345 
6	 21	 0.049378 
8	 20	 0.053102 
6	 21	 0.066808 
8	 20	 0.072835 
10	 19	 0.078294 
12	 18	 0.091865 
10	 19	 0.094426 
8	 20	 0.104112 
6	 21	 0.118779 
8	 20	 0.122890 
6	 21	 0.153147 
5	 21	 0.183045 
7	 20	 0.198175 
5	 21	 0.203870 
7	 20	 0.231653 
6	 20	 0.239470 
4	 21	 0.240933 
2	 22	 0.253707 
4	 21	 0.261417 
6	 20	 0.263914 
4	 21	 0.334295 
6	 20	 0.372297 
4	 21	 0.377005 
2	 22	 0.465020 
4	 21	 0.467982 
3	 21	 0.472066 
2	 21	 0.501931 
4	 20	 0.504319 
6	 19	 0.518111 
8	 18	 0.532512 
7	 18	 0.553159 
5	 19	 0.555883 
3	 20	 0.579758 
1	 21	 0.621158 
3	 20	 0.637535 
5	 19	 0.657537 
7	 18	 0.686250 
6	 18	 0.700356 
4	 19	 0.724496 
2	 20	 0.724547 
4	 19	 0.790901 
6	 18	 0.841761 
4	 19	 0.844634 
6	 18	 0.868984 
8	 17	 0.875875 
10	 16	 0.892095 
8	 17	 0.894172 
6	 18	 0.895525 
4	 19	 0.908349 
2	 20	 0.950080 
4	 19	 0.993792 
6	 18	 0.998011 
4	 19	 1.010900 
6	 18	 1.025878 
4	 19	 1.034970 
6	 18	 1.039083 
5	 18	 1.054380 
3	 19	 1.078842 
5	 18	 1.167259 
7	 17	 1.175956 
9	 16	 1.185499 
7	 17	 1.191256 
5	 18	 1.191983 
3	 19	 1.213961 
5	 18	 1.231416 
4	 18	 1.243460 
2	 19	 1.278080 
4	 18	 1.308378 
2	 19	 1.321402 
4	 18	 1.355514 
2	 19	 1.369758 
1	 19	 1.371941 
3	 18	 1.434758 
5	 17	 1.484853 
7	 16	 1.485902 
5	 17	 1.525509 
7	 16	 1.530904 
9	 15	 1.535502 
7	 16	 1.568692 
5	 17	 1.596408 
7	 16	 1.606889 
9	 15	 1.616084 
8	 15	 1.637443 
6	 16	 1.643141 
4	 17	 1.720740 
6	 16	 1.723438 
8	 15	 1.743446 
6	 16	 1.749816 
8	 15	 1.788213 
6	 16	 1.789265 
5	 16	 1.795958 
3	 17	 1.810600 
1	 18	 1.829909 
3	 17	 1.916023 
5	 16	 1.958183 
4	 16	 1.991634 
6	 15	 2.115622 
4	 16	 2.119873 
2	 17	 2.129188 
4	 16	 2.137106 
6	 15	 2.160597 
8	 14	 2.180624 
10	 13	 2.186752 
8	 14	 2.195932 
6	 15	 2.200232 
4	 16	 2.205093 
2	 17	 2.248958 
4	 16	 2.257403 
2	 17	 2.276882 
4	 16	 2.319034 
6	 15	 2.350970 
4	 16	 2.357331 
6	 15	 2.388606 
4	 16	 2.402773 
2	 17	 2.406494 
4	 16	 2.418104 
2	 17	 2.529776 
4	 16	 2.663158 
2	 17	 2.663752 
4	 16	 2.715157 
2	 17	 2.729085 
4	 16	 2.870225 
6	 15	 2.900817 
8	 14	 2.910098 
7	 14	 2.911790 
5	 15	 2.918647 
3	 16	 2.931436 
5	 15	 2.955519 
4	 15	 2.960606 
6	 14	 2.962795 
8	 13	 2.988663 
6	 14	 2.988973 
4	 15	 2.993482 
6	 14	 2.997752 
4	 15	 3.014553 
3	 15	 3.038969 
5	 14	 3.093033 
3	 15	 3.097884 
5	 14	 3.139309 
3	 15	 3.160528 
1	 16	 3.197806 
3	 15	 3.252659 
5	 14	 3.294103 
3	 15	 3.298761 
5	 14	 3.305328 
3	 15	 3.310627 
5	 14	 3.341643 
3	 15	 3.367168 
1	 16	 3.376064 
3	 15	 3.378019 
5	 14	 3.416460 
7	 13	 3.456369 
6	 13	 3.458634 
4	 14	 3.492979 
6	 13	 3.521629 
8	 12	 3.539542 
6	 13	 3.546524 
8	 12	 3.553780 
6	 13	 3.559319 
4	 14	 3.656052 
6	 13	 3.699721 
8	 12	 3.710995 
10	 11	 3.717836 
8	 12	 3.718996 
10	 11	 3.754747 
8	 12	 3.760054 
6	 13	 3.777792 
4	 14	 3.777969 
2	 15	 3.789336 
0	 16	 3.852994 
2	 15	 3.876558 
4	 14	 3.887184 
6	 13	 3.915492 
4	 14	 3.953291 
2	 15	 3.954597 
0	 16	 3.990005 
2	 15	 3.994751 
4	 14	 4.002913 
6	 13	 4.006790 
5	 13	 4.009977 
3	 14	 4.024048 
5	 13	 4.066692 
3	 14	 4.130517 
5	 13	 4.136676 
3	 14	 4.154640 
1	 15	 4.163190 
3	 14	 4.180053 
1	 15	 4.216274 
3	 14	 4.371369 
1	 15	 4.446274 
3	 14	 4.472072 
5	 13	 4.531865 
3	 14	 4.542560 
5	 13	 4.649711 
4	 13	 4.655931 
2	 14	 4.681226 
4	 13	 4.747389 
2	 14	 4.822897 
1	 14	 4.946579 
3	 13	 5.109091 
5	 12	 5.229301 
7	 11	 5.238000 
5	 12	 5.249092 
3	 13	 5.250744 
1	 14	 5.271251 
3	 13	 5.305797 
5	 12	 5.320429 
3	 13	 5.325278 
5	 12	 5.332234 
7	 11	 5.336588 
5	 12	 5.340329 
3	 13	 5.342391 
2	 13	 5.481538 
0	 14	 5.533148 
2	 13	 5.537977 
1	 13	 5.559745 
3	 12	 5.634820 
5	 11	 5.644937 
7	 10	 5.665012 
5	 11	 5.681044 
4	 11	 5.686700 
2	 12	 5.727552 
0	 13	 5.746649 
2	 12	 5.762698 
4	 11	 5.764108 
6	 10	 5.824203 
4	 11	 5.825987 
3	 11	 5.833275 
1	 12	 5.947614 
-1	 13	 6.151723 

