48	 1	 0.000407 
46	 2	 0.000610 
44	 3	 0.001535 
42	 4	 0.002079 
40	 5	 0.002436 
38	 6	 0.002662 
36	 7	 0.002717 
34	 8	 0.003527 
32	 9	 0.003824 
30	 10	 0.004394 
28	 11	 0.005261 
26	 12	 0.006554 
24	 13	 0.006670 
22	 14	 0.010125 
20	 15	 0.010409 
18	 16	 0.012738 
17	 16	 0.015089 
15	 17	 0.016082 
13	 18	 0.016692 
11	 19	 0.019442 
9	 20	 0.032364 
7	 21	 0.052603 
5	 22	 0.060571 
3	 23	 0.085705 
5	 22	 0.098976 
3	 23	 0.102472 
1	 24	 0.116334 
3	 23	 0.196810 
1	 24	 0.197304 
3	 23	 0.201533 
5	 22	 0.210313 
3	 23	 0.263613 
5	 22	 0.304060 
3	 23	 0.310043 
5	 22	 0.314526 
4	 22	 0.328780 
6	 21	 0.341928 
4	 22	 0.386506 
2	 23	 0.469562 
4	 22	 0.504891 
2	 23	 0.550575 
4	 22	 0.561425 
6	 21	 0.585006 
4	 22	 0.604196 
2	 23	 0.659711 
4	 22	 0.715239 
2	 23	 0.734070 
4	 22	 0.734105 
6	 21	 0.804918 
5	 21	 0.808582 
3	 22	 0.871093 
5	 21	 0.874102 
4	 21	 0.877175 
6	 20	 0.884717 
4	 21	 0.904462 
6	 20	 0.919289 
4	 21	 0.939494 
6	 20	 0.978364 
4	 21	 1.011522 
2	 22	 1.120647 
4	 21	 1.133585 
2	 22	 1.203167 
0	 23	 1.229859 
2	 22	 1.237144 
4	 21	 1.245641 
6	 20	 1.266192 
4	 21	 1.267712 
6	 20	 1.287381 
4	 21	 1.306993 
6	 20	 1.317482 
4	 21	 1.338396 
6	 20	 1.422948 
4	 21	 1.435143 
6	 20	 1.472484 
4	 21	 1.477426 
6	 20	 1.482188 
8	 19	 1.495469 
7	 19	 1.501422 
5	 20	 1.502290 
7	 19	 1.518834 
9	 18	 1.554856 
8	 18	 1.560311 
6	 19	 1.578127 
4	 20	 1.583015 
2	 21	 1.625650 
4	 20	 1.715640 
2	 21	 1.728932 
0	 22	 1.886173 
2	 21	 1.933416 
0	 22	 1.949108 
2	 21	 1.984566 
4	 20	 2.008645 
2	 21	 2.034355 
4	 20	 2.042166 
2	 21	 2.057982 
4	 20	 2.203213 
6	 19	 2.257289 
4	 20	 2.266348 
2	 21	 2.280146 
4	 20	 2.287777 
3	 20	 2.296330 
5	 19	 2.344701 
3	 20	 2.423396 
5	 19	 2.455759 
3	 20	 2.471710 
2	 20	 2.495664 
1	 20	 2.523344 
3	 19	 2.532734 
5	 18	 2.610298 
7	 17	 2.651402 
5	 18	 2.653304 
4	 18	 2.684870 
6	 17	 2.693027 
4	 18	 2.713349 
2	 19	 2.770765 
4	 18	 2.878971 
2	 19	 2.985925 
0	 20	 3.070403 
2	 19	 3.104406 
1	 19	 3.139763 
3	 18	 3.174155 
2	 18	 3.178405 
4	 17	 3.184478 
3	 17	 3.189938 
2	 17	 3.229567 
4	 16	 3.253538 
6	 15	 3.313625 
8	 14	 3.344449 
6	 15	 3.350562 
8	 14	 3.382961 
6	 15	 3.389108 
4	 16	 3.400343 
6	 15	 3.419366 
4	 16	 3.427062 
2	 17	 3.485019 
4	 16	 3.486120 
6	 15	 3.487963 
8	 14	 3.497448 
6	 15	 3.504421 
8	 14	 3.509355 
6	 15	 3.521379 
4	 16	 3.572887 
2	 17	 3.630209 
4	 16	 3.679894 
6	 15	 3.689814 
4	 16	 3.704944 
3	 16	 3.714800 
1	 17	 3.718737 
3	 16	 3.745854 
5	 15	 3.800549 
3	 16	 3.811955 
5	 15	 3.851412 
4	 15	 3.919575 
6	 14	 3.950861 
4	 15	 3.971599 
6	 14	 3.993702 
4	 15	 4.009173 
6	 14	 4.065532 
4	 15	 4.070907 
2	 16	 4.108784 
4	 15	 4.111853 
6	 14	 4.120889 
4	 15	 4.128942 
2	 16	 4.133873 
0	 17	 4.215777 
2	 16	 4.218432 
4	 15	 4.281638 
2	 16	 4.316241 
4	 15	 4.389220 
6	 14	 4.392517 
4	 15	 4.398338 
2	 16	 4.446946 
4	 15	 4.453444 
6	 14	 4.464056 
5	 14	 4.468503 
7	 13	 4.538152 
9	 12	 4.544549 
7	 13	 4.554833 
5	 14	 4.568111 
3	 15	 4.583214 
5	 14	 4.634629 
3	 15	 4.659927 
5	 14	 4.670213 
4	 14	 4.675457 
6	 13	 4.715213 
5	 13	 4.728858 
7	 12	 4.805324 
6	 12	 4.836156 
8	 11	 4.836603 
6	 12	 4.844691 
4	 13	 4.849580 
2	 14	 4.872458 
4	 13	 4.927404 
6	 12	 4.938595 
4	 13	 5.020242 
2	 14	 5.056901 
4	 13	 5.076472 
2	 14	 5.084781 
4	 13	 5.153458 
6	 12	 5.181844 
8	 11	 5.208342 
6	 12	 5.216873 
4	 13	 5.229031 
6	 12	 5.280903 
8	 11	 5.296613 
6	 12	 5.313291 
8	 11	 5.339019 
6	 12	 5.345030 
4	 13	 5.356410 
6	 12	 5.391346 
4	 13	 5.404028 
2	 14	 5.410236 
4	 13	 5.481424 
6	 12	 5.496211 
4	 13	 5.534127 
2	 14	 5.689050 
4	 13	 5.696023 
2	 14	 5.709331 
4	 13	 5.817852 
6	 12	 5.821614 
4	 13	 5.833842 
6	 12	 5.843035 
4	 13	 5.845950 
2	 14	 5.877903 
4	 13	 5.899909 
2	 14	 5.901517 
4	 13	 5.965504 
6	 12	 5.999248 
5	 12	 6.019336 
3	 13	 6.122859 
1	 14	 6.124993 
3	 13	 6.136248 
5	 12	 6.162591 
7	 11	 6.200166 
5	 12	 6.217894 
7	 11	 6.259535 
6	 11	 6.281905 
4	 12	 6.291940 
3	 12	 6.334296 
2	 12	 6.365494 
4	 11	 6.393874 
3	 11	 6.490551 
1	 12	 6.564076 
3	 11	 6.630059 
5	 10	 6.679520 
3	 11	 6.679787 
5	 10	 6.716592 
4	 10	 6.777776 
2	 11	 6.817429 
4	 10	 6.849653 
6	 9	 6.881688 
4	 10	 6.898199 
2	 11	 6.911824 
1	 11	 6.934196 
3	 10	 6.937804 
5	 9	 6.946595 
4	 9	 6.960658 
6	 8	 6.989578 
8	 7	 7.017112 
6	 8	 7.033024 
4	 9	 7.061629 
6	 8	 7.067574 
5	 8	 7.113942 
3	 9	 7.126750 
1	 10	 7.198627 
3	 9	 7.567061 
5	 8	 7.569753 
3	 9	 7.610893 
2	 9	 7.647753 
4	 8	 7.689844 
2	 9	 7.797076 
4	 8	 7.799142 
2	 9	 7.851613 
4	 8	 7.914441 
6	 7	 7.966765 
4	 8	 8.025766 
3	 8	 8.027671 
1	 9	 8.126530 
3	 8	 8.143983 
1	 9	 8.183992 
3	 8	 8.189042 
2	 8	 8.210589 
1	 8	 8.217790 
3	 7	 8.286996 
1	 8	 8.301968 
3	 7	 8.326744 
5	 6	 8.376515 
3	 7	 8.399985 
5	 6	 8.499208 
3	 7	 8.562877 
1	 8	 8.600051 
3	 7	 8.615933 
2	 7	 8.769809 
1	 7	 8.825003 
0	 7	 8.857752 
2	 6	 8.868825 
4	 5	 8.945501 
2	 6	 8.967172 
0	 7	 9.036605 
2	 6	 9.094285 
4	 5	 9.274765 
2	 6	 9.275202 
4	 5	 9.409998 
2	 6	 9.494269 
0	 7	 9.613887 
2	 6	 9.658254 
4	 5	 9.739049 
2	 6	 9.809234 
4	 5	 9.854946 
2	 6	 9.901529 
0	 7	 9.944356 
2	 6	 10.562420 
4	 5	 10.579693 
2	 6	 10.627961 
1	 6	 10.660446 
3	 5	 10.764634 
1	 6	 10.816320 
3	 5	 10.968947 
1	 6	 10.979035 
-1	 7	 10.983631 

