48	 1	 0.001098 
46	 2	 0.001167 
44	 3	 0.001439 
42	 4	 0.001491 
40	 5	 0.001694 
38	 6	 0.003080 
36	 7	 0.004030 
34	 8	 0.004895 
32	 9	 0.004959 
30	 10	 0.006050 
28	 11	 0.006555 
26	 12	 0.006659 
24	 13	 0.008512 
22	 14	 0.009265 
20	 15	 0.014196 
18	 16	 0.016352 
16	 17	 0.028020 
14	 18	 0.030759 
12	 19	 0.031476 
10	 20	 0.044876 
8	 21	 0.048514 
10	 20	 0.114055 
8	 21	 0.129665 
6	 22	 0.160292 
4	 23	 0.191025 
6	 22	 0.192020 
8	 21	 0.204275 
10	 20	 0.212207 
8	 21	 0.212511 
6	 22	 0.233830 
4	 23	 0.256854 
2	 24	 0.297258 
4	 23	 0.305873 
6	 22	 0.310664 
5	 22	 0.310898 
7	 21	 0.345703 
5	 22	 0.374629 
3	 23	 0.388966 
5	 22	 0.409813 
7	 21	 0.433117 
5	 22	 0.434439 
3	 23	 0.452850 
5	 22	 0.510828 
3	 23	 0.558801 
1	 24	 0.559652 
3	 23	 0.637842 
5	 22	 0.646080 
7	 21	 0.661685 
5	 22	 0.662544 
4	 22	 0.699917 
2	 23	 0.742424 
4	 22	 0.764359 
2	 23	 0.782193 
1	 23	 0.805088 
3	 22	 0.830012 
5	 21	 0.846192 
4	 21	 0.898839 
2	 22	 0.904308 
4	 21	 0.911267 
6	 20	 0.941261 
4	 21	 0.978096 
6	 20	 0.978259 
4	 21	 0.983329 
6	 20	 1.007371 
4	 21	 1.013225 
6	 20	 1.026205 
4	 21	 1.029341 
2	 22	 1.077488 
4	 21	 1.153051 
6	 20	 1.186763 
8	 19	 1.199073 
6	 20	 1.224789 
8	 19	 1.228617 
6	 20	 1.232015 
4	 21	 1.236082 
6	 20	 1.258113 
4	 21	 1.271002 
2	 22	 1.278662 
0	 23	 1.285055 
2	 22	 1.292314 
4	 21	 1.309385 
6	 20	 1.332039 
4	 21	 1.341673 
6	 20	 1.349036 
5	 20	 1.376024 
7	 19	 1.398342 
5	 20	 1.401014 
7	 19	 1.434420 
6	 19	 1.449638 
4	 20	 1.474551 
6	 19	 1.475869 
4	 20	 1.476275 
6	 19	 1.571042 
8	 18	 1.580018 
6	 19	 1.582364 
4	 20	 1.597784 
6	 19	 1.601608 
4	 20	 1.603834 
6	 19	 1.632372 
4	 20	 1.673924 
6	 19	 1.686574 
4	 20	 1.716538 
2	 21	 1.721171 
4	 20	 1.853032 
2	 21	 1.885657 
4	 20	 1.937486 
2	 21	 1.940932 
4	 20	 1.958745 
2	 21	 1.960605 
4	 20	 1.971137 
2	 21	 1.983039 
4	 20	 2.049190 
2	 21	 2.051051 
4	 20	 2.055456 
3	 20	 2.066108 
1	 21	 2.074908 
3	 20	 2.117660 
1	 21	 2.129837 
3	 20	 2.187696 
5	 19	 2.220046 
7	 18	 2.221030 
9	 17	 2.224823 
7	 18	 2.226630 
9	 17	 2.231108 
7	 18	 2.236360 
5	 19	 2.245988 
7	 18	 2.255965 
5	 19	 2.261364 
7	 18	 2.268682 
5	 19	 2.271881 
7	 18	 2.285004 
9	 17	 2.291734 
7	 18	 2.299010 
9	 17	 2.329506 
7	 18	 2.329593 
6	 18	 2.347857 
4	 19	 2.394273 
6	 18	 2.401049 
4	 19	 2.416845 
3	 19	 2.428352 
1	 20	 2.429797 
3	 19	 2.516359 
5	 18	 2.524090 
3	 19	 2.569862 
5	 18	 2.601235 
4	 18	 2.604935 
6	 17	 2.626294 
5	 17	 2.630001 
4	 17	 2.636698 
6	 16	 2.649330 
8	 15	 2.666560 
6	 16	 2.671262 
4	 17	 2.673086 
2	 18	 2.704240 
1	 18	 2.707813 
3	 17	 2.778168 
5	 16	 2.863976 
7	 15	 2.881648 
5	 16	 2.903407 
7	 15	 2.925889 
5	 16	 2.936980 
4	 16	 2.952254 
2	 17	 2.964748 
4	 16	 2.974321 
2	 17	 3.018050 
4	 16	 3.123522 
6	 15	 3.155657 
4	 16	 3.248109 
2	 17	 3.295014 
0	 18	 3.325041 
2	 17	 3.396739 
4	 16	 3.397767 
2	 17	 3.452404 
4	 16	 3.516665 
6	 15	 3.517372 
4	 16	 3.518370 
2	 17	 3.525400 
4	 16	 3.573730 
2	 17	 3.582137 
1	 17	 3.592834 
3	 16	 3.623314 
5	 15	 3.646578 
3	 16	 3.657093 
5	 15	 3.743520 
7	 14	 3.747200 
5	 15	 3.748541 
7	 14	 3.772757 
5	 15	 3.783223 
7	 14	 3.809447 
5	 15	 3.812119 
7	 14	 3.839448 
5	 15	 3.844300 
3	 16	 3.878551 
2	 16	 3.904549 
4	 15	 3.984437 
6	 14	 3.987479 
4	 15	 4.023223 
6	 14	 4.037453 
8	 13	 4.038429 
10	 12	 4.045127 
8	 13	 4.055364 
6	 14	 4.056387 
4	 15	 4.074466 
6	 14	 4.140448 
5	 14	 4.180506 
3	 15	 4.181607 
5	 14	 4.194666 
4	 14	 4.211962 
3	 14	 4.222208 
5	 13	 4.227566 
7	 12	 4.263324 
5	 13	 4.270565 
3	 14	 4.309273 
1	 15	 4.394833 
3	 14	 4.400025 
1	 15	 4.402803 
3	 14	 4.514276 
5	 13	 4.521652 
4	 13	 4.554422 
2	 14	 4.605678 
0	 15	 4.613595 
2	 14	 4.632868 
4	 13	 4.643916 
6	 12	 4.666578 
4	 13	 4.699807 
2	 14	 4.728661 
1	 14	 4.837996 
3	 13	 4.857568 
5	 12	 4.918877 
3	 13	 4.938550 
5	 12	 4.965229 
7	 11	 4.991351 
5	 12	 5.014294 
3	 13	 5.055490 
5	 12	 5.154507 
4	 12	 5.159529 
6	 11	 5.181285 
4	 12	 5.194588 
3	 12	 5.202556 
2	 12	 5.211449 
0	 13	 5.276370 
2	 12	 5.363472 
0	 13	 5.455511 
2	 12	 5.480282 
0	 13	 5.486589 
2	 12	 5.534247 
4	 11	 5.569482 
6	 10	 5.655486 
4	 11	 5.722087 
2	 12	 5.773257 
0	 13	 5.800877 
2	 12	 6.026637 
4	 11	 6.057544 
2	 12	 6.086547 
0	 13	 6.123444 
2	 12	 6.218832 
4	 11	 6.268575 
6	 10	 6.313472 
5	 10	 6.321315 
3	 11	 6.449480 
5	 10	 6.536330 
7	 9	 6.537255 
5	 10	 6.550743 
3	 11	 6.572951 
5	 10	 6.628302 
4	 10	 6.642668 
6	 9	 6.658040 
4	 10	 6.658139 
2	 11	 6.718547 
4	 10	 6.753491 
6	 9	 6.769607 
4	 10	 6.783061 
6	 9	 6.809448 
4	 10	 6.818685 
6	 9	 6.829383 
8	 8	 6.837063 
6	 9	 6.858895 
4	 10	 6.871450 
3	 10	 6.884659 
2	 10	 7.033351 
4	 9	 7.070204 
2	 10	 7.076174 
4	 9	 7.171686 
2	 10	 7.204248 
1	 10	 7.294009 
3	 9	 7.530971 
5	 8	 7.542650 
3	 9	 7.546027 
5	 8	 7.601200 
3	 9	 7.628544 
1	 10	 7.724214 
3	 9	 7.732946 
1	 10	 7.752064 
3	 9	 7.760938 
2	 9	 7.808780 
1	 9	 7.890176 
3	 8	 7.946562 
5	 7	 8.058884 
3	 8	 8.059654 
1	 9	 8.159793 
3	 8	 8.235307 
1	 9	 8.372571 
0	 9	 8.398129 
2	 8	 8.485903 
4	 7	 8.543313 
2	 8	 8.625665 
0	 9	 8.638344 
2	 8	 8.651261 
4	 7	 8.710486 
6	 6	 8.716556 
4	 7	 8.723222 
2	 8	 8.735221 
4	 7	 8.826209 
2	 8	 8.973521 
0	 9	 9.054072 
2	 8	 9.140005 
4	 7	 9.215634 
2	 8	 9.216466 
4	 7	 9.270479 
3	 7	 9.335966 
1	 8	 9.411234 
-1	 9	 9.480772 

