48	 1	 0.000245 
46	 2	 0.000976 
44	 3	 0.002622 
42	 4	 0.002792 
40	 5	 0.003384 
38	 6	 0.003491 
36	 7	 0.003845 
35	 7	 0.004510 
33	 8	 0.004770 
31	 9	 0.005816 
29	 10	 0.007258 
27	 11	 0.008869 
25	 12	 0.011255 
23	 13	 0.011490 
21	 14	 0.012447 
19	 15	 0.012714 
17	 16	 0.015618 
15	 17	 0.016316 
13	 18	 0.018515 
15	 17	 0.018538 
13	 18	 0.022152 
12	 18	 0.022569 
10	 19	 0.024135 
8	 20	 0.024436 
6	 21	 0.061173 
4	 22	 0.089780 
6	 21	 0.094306 
5	 21	 0.124989 
3	 22	 0.254774 
5	 21	 0.259022 
7	 20	 0.292023 
5	 21	 0.296694 
7	 20	 0.300911 
5	 21	 0.303063 
7	 20	 0.389804 
5	 21	 0.406292 
3	 22	 0.413866 
5	 21	 0.441398 
3	 22	 0.453629 
5	 21	 0.456020 
3	 22	 0.465311 
5	 21	 0.470430 
4	 21	 0.484260 
6	 20	 0.504464 
4	 21	 0.504698 
2	 22	 0.566579 
4	 21	 0.674548 
6	 20	 0.684146 
4	 21	 0.704667 
2	 22	 0.740517 
4	 21	 0.776186 
2	 22	 0.784915 
0	 23	 0.796587 
2	 22	 0.827698 
4	 21	 0.856585 
2	 22	 0.861213 
4	 21	 0.886134 
3	 21	 0.902203 
2	 21	 0.915145 
4	 20	 0.941803 
6	 19	 0.975820 
4	 20	 0.979285 
6	 19	 1.005802 
8	 18	 1.035816 
6	 19	 1.089578 
4	 20	 1.090970 
6	 19	 1.093444 
8	 18	 1.107502 
7	 18	 1.111323 
5	 19	 1.112986 
7	 18	 1.135989 
9	 17	 1.156306 
7	 18	 1.165379 
5	 19	 1.168172 
3	 20	 1.175627 
2	 20	 1.188179 
4	 19	 1.193707 
2	 20	 1.228682 
4	 19	 1.230139 
3	 19	 1.234648 
5	 18	 1.241600 
7	 17	 1.263650 
9	 16	 1.277083 
7	 17	 1.287289 
5	 18	 1.292486 
3	 19	 1.322348 
5	 18	 1.324535 
3	 19	 1.328418 
5	 18	 1.380229 
7	 17	 1.402436 
5	 18	 1.403235 
7	 17	 1.406739 
5	 18	 1.416448 
3	 19	 1.496152 
5	 18	 1.517451 
3	 19	 1.535237 
5	 18	 1.550767 
4	 18	 1.620733 
2	 19	 1.636752 
4	 18	 1.739270 
2	 19	 1.752849 
4	 18	 1.810497 
2	 19	 1.817157 
1	 19	 1.823912 
3	 18	 1.840235 
5	 17	 1.844810 
7	 16	 1.878775 
9	 15	 1.889482 
7	 16	 1.891398 
5	 17	 1.917748 
7	 16	 1.940393 
6	 16	 1.946221 
8	 15	 1.964387 
10	 14	 1.964906 
8	 15	 1.986844 
6	 16	 2.011114 
4	 17	 2.029289 
2	 18	 2.073592 
0	 19	 2.109315 
2	 18	 2.229463 
1	 18	 2.291105 
3	 17	 2.303068 
1	 18	 2.315829 
3	 17	 2.419683 
1	 18	 2.430336 
3	 17	 2.438882 
5	 16	 2.444441 
3	 17	 2.513330 
2	 17	 2.570181 
4	 16	 2.673696 
2	 17	 2.770365 
4	 16	 2.773948 
2	 17	 2.789502 
1	 17	 2.819275 
3	 16	 2.917808 
5	 15	 2.990783 
4	 15	 3.002890 
2	 16	 3.008841 
1	 16	 3.090292 
3	 15	 3.104160 
5	 14	 3.161517 
3	 15	 3.161975 
1	 16	 3.239836 
3	 15	 3.313948 
5	 14	 3.458830 
3	 15	 3.471500 
5	 14	 3.492357 
3	 15	 3.511533 
2	 15	 3.529926 
4	 14	 3.624863 
2	 15	 3.642959 
0	 16	 3.735258 
2	 15	 3.841533 
4	 14	 3.886236 
2	 15	 3.889559 
0	 16	 3.955549 
2	 15	 3.970110 
1	 15	 4.054672 
3	 14	 4.135679 
1	 15	 4.192400 
3	 14	 4.206366 
5	 13	 4.249817 
7	 12	 4.278206 
6	 12	 4.288436 
4	 13	 4.295374 
2	 14	 4.307691 
4	 13	 4.312918 
2	 14	 4.344863 
4	 13	 4.358200 
6	 12	 4.383592 
8	 11	 4.385343 
6	 12	 4.388575 
5	 12	 4.390262 
3	 13	 4.401786 
5	 12	 4.441898 
3	 13	 4.461580 
5	 12	 4.479019 
4	 12	 4.494884 
2	 13	 4.515691 
0	 14	 4.524538 
2	 13	 4.555608 
4	 12	 4.600100 
6	 11	 4.635586 
4	 12	 4.644264 
2	 13	 4.664851 
4	 12	 4.680263 
6	 11	 4.689393 
4	 12	 4.728001 
6	 11	 4.753306 
8	 10	 4.756940 
6	 11	 4.763361 
4	 12	 4.763988 
2	 13	 4.881919 
4	 12	 4.972474 
2	 13	 4.994561 
0	 14	 5.010536 
2	 13	 5.055143 
4	 12	 5.074786 
2	 13	 5.076538 
4	 12	 5.079577 
6	 11	 5.109502 
4	 12	 5.111696 
2	 13	 5.161848 
4	 12	 5.174251 
6	 11	 5.182623 
4	 12	 5.197369 
2	 13	 5.201465 
1	 13	 5.228969 
3	 12	 5.235558 
5	 11	 5.270055 
3	 12	 5.275614 
1	 13	 5.301317 
3	 12	 5.372696 
1	 13	 5.442220 
3	 12	 5.482318 
2	 12	 5.494236 
4	 11	 5.505096 
2	 12	 5.594648 
4	 11	 5.617654 
2	 12	 5.630609 
0	 13	 5.672891 
2	 12	 5.691847 
4	 11	 5.724865 
2	 12	 5.770311 
4	 11	 5.876994 
3	 11	 5.881974 
5	 10	 5.888707 
3	 11	 5.921026 
5	 10	 5.941480 
3	 11	 5.959438 
1	 12	 5.981980 
3	 11	 6.143278 
1	 12	 6.148821 
3	 11	 6.207262 
1	 12	 6.379247 
3	 11	 6.381634 
5	 10	 6.444153 
7	 9	 6.448792 
5	 10	 6.480991 
3	 11	 6.515933 
1	 12	 6.528069 
3	 11	 6.638642 
5	 10	 6.668718 
3	 11	 6.673916 
1	 12	 6.676137 
3	 11	 6.762577 
5	 10	 6.789474 
3	 11	 6.790403 
5	 10	 6.814880 
3	 11	 6.815896 
2	 11	 6.844727 
4	 10	 6.997125 
3	 10	 7.010173 
5	 9	 7.038013 
7	 8	 7.038514 
5	 9	 7.080222 
3	 10	 7.083115 
1	 11	 7.130830 
3	 10	 7.151019 
5	 9	 7.180795 
7	 8	 7.200586 
5	 9	 7.221336 
3	 10	 7.260131 
5	 9	 7.299583 
3	 10	 7.311297 
1	 11	 7.355468 
3	 10	 7.446218 
2	 10	 7.450947 
4	 9	 7.514982 
2	 10	 7.523424 
4	 9	 7.614643 
2	 10	 7.703208 
4	 9	 7.828773 
3	 9	 7.851347 
1	 10	 7.876553 
-1	 11	 7.916034 

